-----------------Shape ID -------------------
0
0.994, -0.100, -0.040, 0.000
0.100, 0.995, -0.002, 0.000
0.040, -0.002, 0.999, 0.000
0.000, 0.000, 0.000, 1.000
root,   1.00,   0.00,  -0.02,   0.05
-----------------Shape ID -------------------
1
0.988, -0.119, 0.099, 0.000
0.119, 0.993, 0.006, 0.000
-0.099, 0.006, 0.995, 0.000
0.000, 0.000, 0.000, 1.000
chest,   1.00,   0.00,   0.05,   0.06
-----------------Shape ID -------------------
2
1.000, 0.000, 0.000, 0.000
0.000, 1.000, 0.000, 0.000
0.000, 0.000, 1.000, 0.000
0.000, 0.000, 0.000, 1.000
neck,   1.00,   0.00,   0.00,   0.00
-----------------Shape ID -------------------
3
0.985, -0.084, -0.150, 0.000
0.114, 0.971, 0.211, 0.000
0.128, -0.225, 0.966, 0.000
0.000, 0.000, 0.000, 1.000
right_hip,   0.99,  -0.11,  -0.07,   0.05
-----------------Shape ID -------------------
---1---
4
1.000, 0.000, 0.000, 0.000
0.000, 1.000, 0.000, 0.000
0.000, 0.000, 1.000, 0.000
0.000, 0.000, 0.000, 1.000
right_knee,   1.00,   0.00,   0.00,   0.00
-----------------Shape ID -------------------
5
1.000, 0.000, 0.000, 0.000
0.000, 1.000, 0.000, 0.000
0.000, 0.000, 1.000, 0.000
0.000, 0.000, 0.000, 1.000
right_ankle,   1.00,   0.00,   0.00,   0.00
-----------------Shape ID -------------------
6
0.983, -0.081, -0.164, 0.000
-0.004, 0.885, -0.466, 0.000
0.183, 0.459, 0.870, 0.000
0.000, 0.000, 0.000, 1.000
right_clavicle,   0.97,   0.24,  -0.09,   0.02
-----------------Shape ID -------------------
7
-0.768, 0.619, 0.164, 0.000
0.164, 0.439, -0.883, 0.000
-0.619, -0.651, -0.439, 0.000
0.000, 0.000, 0.000, 1.000
right_shoulder,   0.24,   0.24,   0.81,  -0.47
-----------------Shape ID -------------------
---1---
8
1.000, 0.000, 0.000, 0.000
0.000, 1.000, 0.000, 0.000
0.000, 0.000, 1.000, 0.000
0.000, 0.000, 0.000, 1.000
right_elbow,   1.00,   0.00,   0.00,   0.00
-----------------Shape ID -------------------
---0---
9
1.000, 0.000, 0.000, 0.000
0.000, 1.000, 0.000, 0.000
0.000, 0.000, 1.000, 0.000
0.000, 0.000, 0.000, 1.000
right_wrist,   1.00,   0.00,   0.00,   0.00
-----------------Shape ID -------------------
10
0.955, 0.061, 0.290, 0.000
0.022, 0.961, -0.277, 0.000
-0.296, 0.271, 0.916, 0.000
0.000, 0.000, 0.000, 1.000
left_hip,   0.98,   0.14,   0.15,  -0.01
-----------------Shape ID -------------------
---1---
11
1.000, 0.000, 0.000, 0.000
0.000, 1.000, 0.000, 0.000
0.000, 0.000, 1.000, 0.000
0.000, 0.000, 0.000, 1.000
left_knee,   1.00,   0.00,   0.00,   0.00
-----------------Shape ID -------------------
12
1.000, 0.000, 0.000, 0.000
0.000, 1.000, 0.000, 0.000
0.000, 0.000, 1.000, 0.000
0.000, 0.000, 0.000, 1.000
left_ankle,   1.00,   0.00,   0.00,   0.00
-----------------Shape ID -------------------
13
0.984, -0.038, 0.177, 0.000
0.002, 0.980, 0.200, 0.000
-0.181, -0.197, 0.964, 0.000
0.000, 0.000, 0.000, 1.000
left_clavicle,   0.99,  -0.10,   0.09,   0.01
-----------------Shape ID -------------------
14
-0.795, 0.565, 0.221, 0.000
0.533, 0.476, 0.699, 0.000
0.290, 0.674, -0.680, 0.000
0.000, 0.000, 0.000, 1.000
left_shoulder,  -0.02,   0.32,   0.86,   0.40
-----------------Shape ID -------------------
---1---
15
1.000, 0.000, 0.000, 0.000
0.000, 1.000, 0.000, 0.000
0.000, 0.000, 1.000, 0.000
0.000, 0.000, 0.000, 1.000
left_elbow,   1.00,   0.00,   0.00,   0.00
-----------------Shape ID -------------------
---0---
16
1.000, 0.000, 0.000, 0.000
0.000, 1.000, 0.000, 0.000
0.000, 0.000, 1.000, 0.000
0.000, 0.000, 0.000, 1.000
left_wrist,   1.00,   0.00,   0.00,   0.00